version https://git-lfs.github.com/spec/v1
oid sha256:cb55eb8028f6cbdb4fdb2fd0fa54404b905e5870766bd98d8f89d5e76fd40864
size 437483
