version https://git-lfs.github.com/spec/v1
oid sha256:f7b5f0d17593f03f41dd6e3270b3d4635c364887fdbcb8fe7b004b183ff49b5c
size 1224894
