version https://git-lfs.github.com/spec/v1
oid sha256:63a079b868b3af3482d6e1d53c74f64c84c5b3c893932eb6639e59dfe6d05962
size 425951
