version https://git-lfs.github.com/spec/v1
oid sha256:befe4efe9c8c34aa39a84a99e2ca77abfcfd7bb0307a9a28a8556073fb7115d0
size 368797
